time: 09:09:29.413188 count:5 size: 1M load: 0.65 0.47 0.31 4/725 273441

time: 09:09:29.420407 count:5 size: 1M load: 0.65 0.47 0.31 8/725 273446

time: 09:09:58.236382 count:5 size: 1M load: 0.94 0.55 0.34 4/731 273545

time: 09:09:58.247839 count:5 size: 1M load: 0.94 0.55 0.34 6/731 273550

